00001000000000000000000000010010
00101000100010010000000000000010
00100000000011010000000000000001
00010001001011010000000000001100
00100011101111011111111111111100
10101111101111110000000000000000
00100011101111011111111111111100
10101111101001000000000000000000
00100000100001001111111111111111
00001100000000000000000000000001
10001111101001000000000000000000
00100011101111010000000000000100
00000000010001000001000000100000
10001111101111110000000000000000
00100011101111010000000000000100
00000011111000000000000000001000
00100000000000100000000000000001
00000011111000000000000000001000
00100000000001000000000000000101
00001100000000000000000000000001
00100000010001000000000000000000




00100000000010000000000000000000
00100000000010010000000000000011
00010001000010010000000000000101
00000000000010000101100010000000
00000010000010001000100000100000
10100010001010110000000000000000
00100001000010000000000000000001
00001000000000000000000000000010
00000000000000000100000000100000
00100000000011000000000000000000
00010001000010010000000000000101
00000010000010001000100000100000
10000010001011010000000000000000
00000001100011010110000000100000
00100001000010000000000000000001
00001000000000000000000000001010
00100001100001000000000000000000



00100000000010000000000000000000
00100000000010010000000000001100
00010001000010010000000000000101
00000000000010000101100010000000
00000010000010001000100000100000
10101110001010110000000000000000
00100001000010000000000000000100
00001000000000000000000000000010
00000000000000000100000000100000
00100000000011000000000000000000
00010001000010010000000000000101
00000010000010001000100000100000
10001110001011010000000000000000
00000001100011010110000000100000
00100001000010000000000000000100
00001000000000000000000000001010
00100001100001000000000000000000